101 102
101 103
101 105
101 106
101 107
101 108
101 110
101 111
101 113
101 115
101 151
101 152
101 171
101 172
101 173
101 175
101 176
101 199
101 229
101 528
101 541
101 542
101 543
101 555
101 560
101 629
102 101
102 172
102 212
102 214
102 215
102 253
102 254
102 255
103 101
103 107
103 108
103 253
103 254
103 528
105 101
106 101
106 103
106 107
106 108
106 253
107 101
107 106
107 108
107 111
107 253
107 528
108 101
108 106
108 107
108 111
108 113
108 115
108 229
108 253
108 528
111 101
111 108
111 110
112 115
112 152
113 101
113 108
113 190
113 198
114 153
115 101
115 108
115 112
115 113
115 116
115 151
115 153
115 198
115 579
116 113
116 115
119 153
127 101
127 623
127 629
129 629
138 139
140 139
140 622
150 148
152 101
152 112
152 198
153 119
153 151
155 152
156 152
158 152
158 167
159 167
160 167
163 167
167 152
167 160
167 166
172 101
172 102
172 212
172 253
173 101
173 102
173 253
173 254
174 216
176 101
176 190
176 253
178 101
178 190
189 184
190 113
190 115
190 176
190 191
190 192
190 193
190 194
190 195
190 197
190 198
190 199
190 560
190 561
190 562
190 629
191 190
192 190
194 190
195 190
196 198
198 113
198 115
198 152
198 190
198 196
198 199
199 190
199 198
212 102
212 107
212 108
212 172
212 253
213 253
215 102
215 253
215 254
218 190
228 167
229 108
239 237
240 190
240 219
240 253
244 261
247 261
248 261
249 261
250 148
250 622
251 148
251 622
252 139
252 529
252 622
252 623
252 624
252 627
253 102
253 103
253 106
253 107
253 108
253 111
253 172
253 173
253 212
253 213
253 215
253 255
253 256
253 281
253 282
253 283
253 285
253 528
253 540
254 102
254 103
254 108
254 172
254 212
254 215
254 255
254 256
254 283
254 528
255 102
255 253
255 254
256 102
256 253
256 254
261 249
262 261
263 261
265 261
270 261
271 261
281 253
282 253
283 253
285 253
287 288
288 287
289 148
292 516
509 508
509 553
513 515
513 516
514 516
515 513
516 513
516 514
517 597
519 232
519 261
520 253
528 101
528 107
528 108
528 253
540 253
541 108
542 101
542 108
543 555
549 553
552 553
553 508
553 551
553 552
560 190
567 167
573 152
583 584
589 556
589 587
597 517
602 101
602 108
602 253
608 167
608 556
609 101
609 103
609 107
609 108
609 212
609 229
609 253
609 528
609 542
619 152
619 577
621 629
623 622
623 629
624 622
624 629
625 622
625 629
626 622
626 623
626 624
626 627
626 629
627 622
627 629
628 629
630 101
630 253
641 139
641 148
651 653
652 653
981 987
982 987
984 987
986 987
