16 12 30 16 12 31 23 101 102 2331.0 14 1 1 15 1 1 0 101 102 541.0 
16 12 30 16 12 31 23 101 103 1954.0 14 1 1 15 1 1 0 101 103 458.0 
16 12 30 16 12 31 23 101 105 2366.0 14 1 1 15 1 1 0 101 105 547.0 
16 12 30 16 12 31 23 101 106 3455.0 14 1 1 15 1 1 0 101 106 948.0 
16 12 30 16 12 31 23 101 107 6586.0 14 1 1 15 1 1 0 101 107 1484.0 
16 12 30 16 12 31 23 101 108 9752.0 14 1 1 15 1 1 0 101 108 2151.0 
16 12 30 16 12 31 23 101 110 10653.0 14 1 1 15 1 1 0 101 110 2177.0 
16 12 30 16 12 31 23 101 111 12296.0 14 1 1 15 1 1 0 101 111 3120.0 
16 12 30 16 12 31 23 101 113 16353.0 14 1 1 15 1 1 0 101 113 3823.0 
16 12 30 16 12 31 23 101 115 16432.0 14 1 1 15 1 1 0 101 115 4039.0 
16 12 30 16 12 31 23 101 151 21890.0 14 1 1 15 1 1 0 101 151 3650.0 
16 12 30 16 12 31 23 101 152 16899.0 14 1 1 15 1 1 0 101 152 3817.0 
16 12 30 16 12 31 23 101 171 2784.0 14 1 1 15 1 1 0 101 171 544.0 
16 12 30 16 12 31 23 101 172 3851.0 14 1 1 15 1 1 0 101 172 750.0 
16 12 30 16 12 31 23 101 173 4843.0 14 1 1 15 1 1 0 101 173 963.0 
16 12 30 16 12 31 23 101 175 6391.0 14 1 1 15 1 1 0 101 175 1044.0 
16 12 30 16 12 31 23 101 176 6424.0 14 1 1 15 1 1 0 101 176 1506.0 
16 12 30 16 12 31 23 101 199 19757.0 14 1 1 15 1 1 0 101 199 2892.0 
16 12 30 16 12 31 23 101 229 8849.0 14 1 1 15 1 1 0 101 229 1673.0 
16 12 30 16 12 31 23 101 528 3043.0 14 1 1 15 1 1 0 101 528 604.0 
16 12 30 16 12 31 23 101 541 5614.0 14 1 1 15 1 1 0 101 541 1272.0 
16 12 30 16 12 31 23 101 542 5278.0 14 1 1 15 1 1 0 101 542 1232.0 
16 12 30 16 12 31 23 101 543 6102.0 14 1 1 15 1 1 0 101 543 1774.0 
16 12 30 16 12 31 23 101 555 10931.0 14 1 1 15 1 1 0 101 555 1838.0 
16 12 30 16 12 31 23 101 560 12693.0 14 1 1 15 1 1 0 101 560 1705.0 
16 12 30 16 12 31 23 101 629 32956.0 14 1 1 15 1 1 0 101 629 11087.0 
16 12 30 16 12 31 23 102 101 2210.0 14 1 1 15 1 1 0 102 101 512.0 
16 12 30 16 12 31 23 102 172 2723.0 14 1 1 15 1 1 0 102 172 515.0 
16 12 30 16 12 31 23 102 212 1415.0 14 1 1 15 1 1 0 102 212 315.0 
16 12 30 16 12 31 23 102 214 2116.0 14 1 1 15 1 1 0 102 214 387.0 
16 12 30 16 12 31 23 102 215 2585.0 14 1 1 15 1 1 0 102 215 465.0 
16 12 30 16 12 31 23 102 253 3079.0 14 1 1 15 1 1 0 102 253 764.0 
16 12 30 16 12 31 23 102 254 3304.0 14 1 1 15 1 1 0 102 254 920.0 
16 12 30 16 12 31 23 102 255 4038.0 14 1 1 15 1 1 0 102 255 880.0 
16 12 30 16 12 31 23 103 101 1714.0 14 1 1 15 1 1 0 103 101 451.0 
16 12 30 16 12 31 23 103 107 5589.0 14 1 1 15 1 1 0 103 107 995.0 
16 12 30 16 12 31 23 103 108 8186.0 14 1 1 15 1 1 0 103 108 1522.0 
16 12 30 16 12 31 23 103 253 4268.0 14 1 1 15 1 1 0 103 253 937.0 
16 12 30 16 12 31 23 103 254 4251.0 14 1 1 15 1 1 0 103 254 1140.0 
16 12 30 16 12 31 23 103 528 1078.0 14 1 1 15 1 1 0 103 528 231.0 
16 12 30 16 12 31 23 105 101 2384.0 14 1 1 15 1 1 0 105 101 524.0 
16 12 30 16 12 31 23 106 101 3366.0 14 1 1 15 1 1 0 106 101 922.0 
16 12 30 16 12 31 23 106 103 2795.0 14 1 1 15 1 1 0 106 103 512.0 
16 12 30 16 12 31 23 106 107 3817.0 14 1 1 15 1 1 0 106 107 518.0 
16 12 30 16 12 31 23 106 108 7538.0 14 1 1 15 1 1 0 106 108 1157.0 
16 12 30 16 12 31 23 106 253 5170.0 14 1 1 15 1 1 0 106 253 1344.0 
16 12 30 16 12 31 23 107 101 6924.0 14 1 1 15 1 1 0 107 101 1496.0 
16 12 30 16 12 31 23 107 106 3312.0 14 1 1 15 1 1 0 107 106 655.0 
16 12 30 16 12 31 23 107 108 3934.0 14 1 1 15 1 1 0 107 108 600.0 
16 12 30 16 12 31 23 107 111 9856.0 14 1 1 15 1 1 0 107 111 1464.0 
16 12 30 16 12 31 23 107 253 14061.0 14 1 1 15 1 1 0 107 253 1821.0 
16 12 30 16 12 31 23 107 528 4823.0 14 1 1 15 1 1 0 107 528 904.0 
16 12 30 16 12 31 23 108 101 7612.0 14 1 1 15 1 1 0 108 101 2176.0 
16 12 30 16 12 31 23 108 106 5699.0 14 1 1 15 1 1 0 108 106 1186.0 
16 12 30 16 12 31 23 108 107 4203.0 14 1 1 15 1 1 0 108 107 674.0 
16 12 30 16 12 31 23 108 111 4602.0 14 1 1 15 1 1 0 108 111 1126.0 
16 12 30 16 12 31 23 108 113 8198.0 14 1 1 15 1 1 0 108 113 1710.0 
16 12 30 16 12 31 23 108 115 12465.0 14 1 1 15 1 1 0 108 115 1926.0 
16 12 30 16 12 31 23 108 229 1781.0 14 1 1 15 1 1 0 108 229 282.0 
16 12 30 16 12 31 23 108 253 15244.0 14 1 1 15 1 1 0 108 253 2499.0 
16 12 30 16 12 31 23 108 528 6065.0 14 1 1 15 1 1 0 108 528 1458.0 
16 12 30 16 12 31 23 111 101 11671.0 14 1 1 15 1 1 0 111 101 3117.0 
16 12 30 16 12 31 23 111 108 5684.0 14 1 1 15 1 1 0 111 108 1121.0 
16 12 30 16 12 31 23 111 110 4657.0 14 1 1 15 1 1 0 111 110 648.0 
16 12 30 16 12 31 23 112 115 3313.0 14 1 1 15 1 1 0 112 115 690.0 
16 12 30 16 12 31 23 112 152 4016.0 14 1 1 15 1 1 0 112 152 773.0 
16 12 30 16 12 31 23 113 101 15591.0 14 1 1 15 1 1 0 113 101 3736.0 
16 12 30 16 12 31 23 113 108 9161.0 14 1 1 15 1 1 0 113 108 1755.0 
16 12 30 16 12 31 23 113 190 20912.0 14 1 1 15 1 1 0 113 190 4016.0 
16 12 30 16 12 31 23 113 198 4702.0 14 1 1 15 1 1 0 113 198 814.0 
16 12 30 16 12 31 23 114 153 1636.0 14 1 1 15 1 1 0 114 153 519.0 
16 12 30 16 12 31 23 115 101 14452.0 14 1 1 15 1 1 0 115 101 4060.0 
16 12 30 16 12 31 23 115 108 10072.0 14 1 1 15 1 1 0 115 108 1890.0 
16 12 30 16 12 31 23 115 112 4022.0 14 1 1 15 1 1 0 115 112 716.0 
16 12 30 16 12 31 23 115 113 2335.0 14 1 1 15 1 1 0 115 113 351.0 
16 12 30 16 12 31 23 115 116 1345.0 14 1 1 15 1 1 0 115 116 461.0 
16 12 30 16 12 31 23 115 151 1755.0 14 1 1 15 1 1 0 115 151 390.0 
16 12 30 16 12 31 23 115 153 2775.0 14 1 1 15 1 1 0 115 153 683.0 
16 12 30 16 12 31 23 115 198 7761.0 14 1 1 15 1 1 0 115 198 1116.0 
16 12 30 16 12 31 23 115 579 3111.0 14 1 1 15 1 1 0 115 579 665.0 
16 12 30 16 12 31 23 116 113 4424.0 14 1 1 15 1 1 0 116 113 736.0 
16 12 30 16 12 31 23 116 115 3509.0 14 1 1 15 1 1 0 116 115 517.0 
16 12 30 16 12 31 23 119 153 3195.0 14 1 1 15 1 1 0 119 153 541.0 
16 12 30 16 12 31 23 127 101 30361.0 14 1 1 15 1 1 0 127 101 7344.0 
16 12 30 16 12 31 23 127 623 5101.0 14 1 1 15 1 1 0 127 623 709.0 
16 12 30 16 12 31 23 127 629 19296.0 14 1 1 15 1 1 0 127 629 2261.0 
16 12 30 16 12 31 23 129 629 13417.0 14 1 1 15 1 1 0 129 629 2688.0 
16 12 30 16 12 31 23 138 139 2875.0 14 1 1 15 1 1 0 138 139 671.0 
16 12 30 16 12 31 23 140 139 4187.0 14 1 1 15 1 1 0 140 139 1066.0 
16 12 30 16 12 31 23 140 622 13555.0 14 1 1 15 1 1 0 140 622 2755.0 
16 12 30 16 12 31 23 150 148 1730.0 14 1 1 15 1 1 0 150 148 340.0 
16 12 30 16 12 31 23 152 101 14541.0 14 1 1 15 1 1 0 152 101 4104.0 
16 12 30 16 12 31 23 152 112 3748.0 14 1 1 15 1 1 0 152 112 896.0 
16 12 30 16 12 31 23 152 198 6440.0 14 1 1 15 1 1 0 152 198 1263.0 
16 12 30 16 12 31 23 153 119 2392.0 14 1 1 15 1 1 0 153 119 552.0 
16 12 30 16 12 31 23 153 151 2709.0 14 1 1 15 1 1 0 153 151 596.0 
16 12 30 16 12 31 23 155 152 6749.0 14 1 1 15 1 1 0 155 152 961.0 
16 12 30 16 12 31 23 156 152 10649.0 14 1 1 15 1 1 0 156 152 1555.0 
16 12 30 16 12 31 23 158 152 12395.0 14 1 1 15 1 1 0 158 152 1896.0 
16 12 30 16 12 31 23 158 167 9706.0 14 1 1 15 1 1 0 158 167 2447.0 
16 12 30 16 12 31 23 159 167 11996.0 14 1 1 15 1 1 0 159 167 2285.0 
16 12 30 16 12 31 23 160 167 12763.0 14 1 1 15 1 1 0 160 167 2002.0 
16 12 30 16 12 31 23 163 167 7903.0 14 1 1 15 1 1 0 163 167 1169.0 
16 12 30 16 12 31 23 167 152 24008.0 14 1 1 15 1 1 0 167 152 4302.0 
16 12 30 16 12 31 23 167 160 23200.0 14 1 1 15 1 1 0 167 160 1814.0 
16 12 30 16 12 31 23 167 166 1007.0 14 1 1 15 1 1 0 167 166 171.0 
16 12 30 16 12 31 23 172 101 4513.0 14 1 1 15 1 1 0 172 101 651.0 
16 12 30 16 12 31 23 172 102 3362.0 14 1 1 15 1 1 0 172 102 546.0 
16 12 30 16 12 31 23 172 212 3657.0 14 1 1 15 1 1 0 172 212 747.0 
16 12 30 16 12 31 23 172 253 6401.0 14 1 1 15 1 1 0 172 253 1105.0 
16 12 30 16 12 31 23 173 101 4153.0 14 1 1 15 1 1 0 173 101 929.0 
16 12 30 16 12 31 23 173 102 3804.0 14 1 1 15 1 1 0 173 102 728.0 
16 12 30 16 12 31 23 173 253 5482.0 14 1 1 15 1 1 0 173 253 1424.0 
16 12 30 16 12 31 23 173 254 6060.0 14 1 1 15 1 1 0 173 254 1619.0 
16 12 30 16 12 31 23 174 216 7850.0 14 1 1 15 1 1 0 174 216 1486.0 
16 12 30 16 12 31 23 176 101 7470.0 14 1 1 15 1 1 0 176 101 1366.0 
16 12 30 16 12 31 23 176 190 6402.0 14 1 1 15 1 1 0 176 190 1447.0 
16 12 30 16 12 31 23 176 253 9257.0 14 1 1 15 1 1 0 176 253 1920.0 
16 12 30 16 12 31 23 178 101 14341.0 14 1 1 15 1 1 0 178 101 2392.0 
16 12 30 16 12 31 23 178 190 11212.0 14 1 1 15 1 1 0 178 190 2288.0 
16 12 30 16 12 31 23 189 184 5667.0 14 1 1 15 1 1 0 189 184 769.0 
16 12 30 16 12 31 23 190 113 25973.0 14 1 1 15 1 1 0 190 113 3892.0 
16 12 30 16 12 31 23 190 115 28291.0 14 1 1 15 1 1 0 190 115 4043.0 
16 12 30 16 12 31 23 190 176 5744.0 14 1 1 15 1 1 0 190 176 1442.0 
16 12 30 16 12 31 23 190 191 2989.0 14 1 1 15 1 1 0 190 191 368.0 
16 12 30 16 12 31 23 190 192 5301.0 14 1 1 15 1 1 0 190 192 785.0 
16 12 30 16 12 31 23 190 193 7267.0 14 1 1 15 1 1 0 190 193 1715.0 
16 12 30 16 12 31 23 190 194 4601.0 14 1 1 15 1 1 0 190 194 992.0 
16 12 30 16 12 31 23 190 195 8775.0 14 1 1 15 1 1 0 190 195 2178.0 
16 12 30 16 12 31 23 190 197 15212.0 14 1 1 15 1 1 0 190 197 2547.0 
16 12 30 16 12 31 23 190 198 14873.0 14 1 1 15 1 1 0 190 198 3212.0 
16 12 30 16 12 31 23 190 199 15918.0 14 1 1 15 1 1 0 190 199 2967.0 
16 12 30 16 12 31 23 190 560 9342.0 14 1 1 15 1 1 0 190 560 2024.0 
16 12 30 16 12 31 23 190 561 12066.0 14 1 1 15 1 1 0 190 561 2308.0 
16 12 30 16 12 31 23 190 562 15194.0 14 1 1 15 1 1 0 190 562 2749.0 
16 12 30 16 12 31 23 190 629 38379.0 14 1 1 15 1 1 0 190 629 10767.0 
16 12 30 16 12 31 23 191 190 1736.0 14 1 1 15 1 1 0 191 190 390.0 
16 12 30 16 12 31 23 192 190 6867.0 14 1 1 15 1 1 0 192 190 723.0 
16 12 30 16 12 31 23 194 190 6424.0 14 1 1 15 1 1 0 194 190 995.0 
16 12 30 16 12 31 23 195 190 12565.0 14 1 1 15 1 1 0 195 190 2001.0 
16 12 30 16 12 31 23 196 198 4545.0 14 1 1 15 1 1 0 196 198 847.0 
16 12 30 16 12 31 23 198 113 3274.0 14 1 1 15 1 1 0 198 113 707.0 
16 12 30 16 12 31 23 198 115 6142.0 14 1 1 15 1 1 0 198 115 1080.0 
16 12 30 16 12 31 23 198 152 9144.0 14 1 1 15 1 1 0 198 152 1116.0 
16 12 30 16 12 31 23 198 190 16984.0 14 1 1 15 1 1 0 198 190 3312.0 
16 12 30 16 12 31 23 198 196 4514.0 14 1 1 15 1 1 0 198 196 717.0 
16 12 30 16 12 31 23 198 199 1376.0 14 1 1 15 1 1 0 198 199 275.0 
16 12 30 16 12 31 23 199 190 18884.0 14 1 1 15 1 1 0 199 190 2856.0 
16 12 30 16 12 31 23 199 198 1448.0 14 1 1 15 1 1 0 199 198 300.0 
16 12 30 16 12 31 23 212 102 1042.0 14 1 1 15 1 1 0 212 102 302.0 
16 12 30 16 12 31 23 212 107 6358.0 14 1 1 15 1 1 0 212 107 1345.0 
16 12 30 16 12 31 23 212 108 12052.0 14 1 1 15 1 1 0 212 108 1961.0 
16 12 30 16 12 31 23 212 172 3325.0 14 1 1 15 1 1 0 212 172 729.0 
16 12 30 16 12 31 23 212 253 2217.0 14 1 1 15 1 1 0 212 253 506.0 
16 12 30 16 12 31 23 213 253 1864.0 14 1 1 15 1 1 0 213 253 420.0 
16 12 30 16 12 31 23 215 102 2423.0 14 1 1 15 1 1 0 215 102 413.0 
16 12 30 16 12 31 23 215 253 1495.0 14 1 1 15 1 1 0 215 253 345.0 
16 12 30 16 12 31 23 215 254 1648.0 14 1 1 15 1 1 0 215 254 505.0 
16 12 30 16 12 31 23 218 190 15559.0 14 1 1 15 1 1 0 218 190 2562.0 
16 12 30 16 12 31 23 228 167 15768.0 14 1 1 15 1 1 0 228 167 2586.0 
16 12 30 16 12 31 23 229 108 1778.0 14 1 1 15 1 1 0 229 108 276.0 
16 12 30 16 12 31 23 239 237 2559.0 14 1 1 15 1 1 0 239 237 468.0 
16 12 30 16 12 31 23 240 190 24453.0 14 1 1 15 1 1 0 240 190 3731.0 
16 12 30 16 12 31 23 240 219 2386.0 14 1 1 15 1 1 0 240 219 408.0 
16 12 30 16 12 31 23 240 253 28157.0 14 1 1 15 1 1 0 240 253 4094.0 
16 12 30 16 12 31 23 244 261 33207.0 14 1 1 15 1 1 0 244 261 6151.0 
16 12 30 16 12 31 23 247 261 6565.0 14 1 1 15 1 1 0 247 261 1409.0 
16 12 30 16 12 31 23 248 261 3649.0 14 1 1 15 1 1 0 248 261 821.0 
16 12 30 16 12 31 23 249 261 1459.0 14 1 1 15 1 1 0 249 261 304.0 
16 12 30 16 12 31 23 250 148 3205.0 14 1 1 15 1 1 0 250 148 732.0 
16 12 30 16 12 31 23 250 622 12171.0 14 1 1 15 1 1 0 250 622 2418.0 
16 12 30 16 12 31 23 251 148 2524.0 14 1 1 15 1 1 0 251 148 666.0 
16 12 30 16 12 31 23 251 622 12659.0 14 1 1 15 1 1 0 251 622 2198.0 
16 12 30 16 12 31 23 252 139 6229.0 14 1 1 15 1 1 0 252 139 1128.0 
16 12 30 16 12 31 23 252 529 2351.0 14 1 1 15 1 1 0 252 529 555.0 
16 12 30 16 12 31 23 252 622 9649.0 14 1 1 15 1 1 0 252 622 2441.0 
16 12 30 16 12 31 23 252 623 10887.0 14 1 1 15 1 1 0 252 623 2297.0 
16 12 30 16 12 31 23 252 624 12464.0 14 1 1 15 1 1 0 252 624 1549.0 
16 12 30 16 12 31 23 252 627 3585.0 14 1 1 15 1 1 0 252 627 721.0 
16 12 30 16 12 31 23 253 102 3392.0 14 1 1 15 1 1 0 253 102 750.0 
16 12 30 16 12 31 23 253 103 3969.0 14 1 1 15 1 1 0 253 103 1017.0 
16 12 30 16 12 31 23 253 106 5978.0 14 1 1 15 1 1 0 253 106 1412.0 
16 12 30 16 12 31 23 253 107 12074.0 14 1 1 15 1 1 0 253 107 1844.0 
16 12 30 16 12 31 23 253 108 12366.0 14 1 1 15 1 1 0 253 108 2381.0 
16 12 30 16 12 31 23 253 111 20738.0 14 1 1 15 1 1 0 253 111 3317.0 
16 12 30 16 12 31 23 253 172 5860.0 14 1 1 15 1 1 0 253 172 1136.0 
16 12 30 16 12 31 23 253 173 8136.0 14 1 1 15 1 1 0 253 173 1247.0 
16 12 30 16 12 31 23 253 212 2609.0 14 1 1 15 1 1 0 253 212 551.0 
16 12 30 16 12 31 23 253 213 2568.0 14 1 1 15 1 1 0 253 213 451.0 
16 12 30 16 12 31 23 253 215 1742.0 14 1 1 15 1 1 0 253 215 349.0 
16 12 30 16 12 31 23 253 255 1116.0 14 1 1 15 1 1 0 253 255 329.0 
16 12 30 16 12 31 23 253 256 537.0 14 1 1 15 1 1 0 253 256 170.0 
16 12 30 16 12 31 23 253 281 2142.0 14 1 1 15 1 1 0 253 281 351.0 
16 12 30 16 12 31 23 253 282 2793.0 14 1 1 15 1 1 0 253 282 498.0 
16 12 30 16 12 31 23 253 283 5284.0 14 1 1 15 1 1 0 253 283 853.0 
16 12 30 16 12 31 23 253 285 11857.0 14 1 1 15 1 1 0 253 285 1441.0 
16 12 30 16 12 31 23 253 528 5787.0 14 1 1 15 1 1 0 253 528 1087.0 
16 12 30 16 12 31 23 253 540 8674.0 14 1 1 15 1 1 0 253 540 1173.0 
16 12 30 16 12 31 23 254 102 5745.0 14 1 1 15 1 1 0 254 102 932.0 
16 12 30 16 12 31 23 254 103 4640.0 14 1 1 15 1 1 0 254 103 1106.0 
16 12 30 16 12 31 23 254 108 18079.0 14 1 1 15 1 1 0 254 108 2305.0 
16 12 30 16 12 31 23 254 172 5871.0 14 1 1 15 1 1 0 254 172 1228.0 
16 12 30 16 12 31 23 254 212 2807.0 14 1 1 15 1 1 0 254 212 704.0 
16 12 30 16 12 31 23 254 215 2334.0 14 1 1 15 1 1 0 254 215 507.0 
16 12 30 16 12 31 23 254 255 598.0 14 1 1 15 1 1 0 254 255 138.0 
16 12 30 16 12 31 23 254 256 1292.0 14 1 1 15 1 1 0 254 256 257.0 
16 12 30 16 12 31 23 254 283 6487.0 14 1 1 15 1 1 0 254 283 1013.0 
16 12 30 16 12 31 23 254 528 7439.0 14 1 1 15 1 1 0 254 528 1223.0 
16 12 30 16 12 31 23 255 102 3585.0 14 1 1 15 1 1 0 255 102 819.0 
16 12 30 16 12 31 23 255 253 1535.0 14 1 1 15 1 1 0 255 253 328.0 
16 12 30 16 12 31 23 255 254 647.0 14 1 1 15 1 1 0 255 254 161.0 
16 12 30 16 12 31 23 256 102 3391.0 14 1 1 15 1 1 0 256 102 701.0 
16 12 30 16 12 31 23 256 253 727.0 14 1 1 15 1 1 0 256 253 225.0 
16 12 30 16 12 31 23 256 254 850.0 14 1 1 15 1 1 0 256 254 228.0 
16 12 30 16 12 31 23 261 249 2273.0 14 1 1 15 1 1 0 261 249 277.0 
16 12 30 16 12 31 23 262 261 1164.0 14 1 1 15 1 1 0 262 261 246.0 
16 12 30 16 12 31 23 263 261 2799.0 14 1 1 15 1 1 0 263 261 560.0 
16 12 30 16 12 31 23 265 261 4660.0 14 1 1 15 1 1 0 265 261 867.0 
16 12 30 16 12 31 23 270 261 9220.0 14 1 1 15 1 1 0 270 261 2128.0 
16 12 30 16 12 31 23 271 261 8888.0 14 1 1 15 1 1 0 271 261 2353.0 
16 12 30 16 12 31 23 281 253 1488.0 14 1 1 15 1 1 0 281 253 370.0 
16 12 30 16 12 31 23 282 253 1580.0 14 1 1 15 1 1 0 282 253 483.0 
16 12 30 16 12 31 23 283 253 3512.0 14 1 1 15 1 1 0 283 253 939.0 
16 12 30 16 12 31 23 285 253 5118.0 14 1 1 15 1 1 0 285 253 1321.0 
16 12 30 16 12 31 23 287 288 1402.0 14 1 1 15 1 1 0 287 288 321.0 
16 12 30 16 12 31 23 288 287 2435.0 14 1 1 15 1 1 0 288 287 272.0 
16 12 30 16 12 31 23 289 148 3667.0 14 1 1 15 1 1 0 289 148 802.0 
16 12 30 16 12 31 23 292 516 6304.0 14 1 1 15 1 1 0 292 516 1578.0 
16 12 30 16 12 31 23 509 508 2798.0 14 1 1 15 1 1 0 509 508 482.0 
16 12 30 16 12 31 23 509 553 4991.0 14 1 1 15 1 1 0 509 553 1524.0 
16 12 30 16 12 31 23 513 515 1601.0 14 1 1 15 1 1 0 513 515 508.0 
16 12 30 16 12 31 23 513 516 1507.0 14 1 1 15 1 1 0 513 516 656.0 
16 12 30 16 12 31 23 514 516 2285.0 14 1 1 15 1 1 0 514 516 376.0 
16 12 30 16 12 31 23 515 513 2376.0 14 1 1 15 1 1 0 515 513 542.0 
16 12 30 16 12 31 23 516 513 2642.0 14 1 1 15 1 1 0 516 513 624.0 
16 12 30 16 12 31 23 516 514 2408.0 14 1 1 15 1 1 0 516 514 424.0 
16 12 30 16 12 31 23 517 597 2903.0 14 1 1 15 1 1 0 517 597 884.0 
16 12 30 16 12 31 23 519 232 1213.0 14 1 1 15 1 1 0 519 232 391.0 
16 12 30 16 12 31 23 519 261 24730.0 14 1 1 15 1 1 0 519 261 4851.0 
16 12 30 16 12 31 23 520 253 6540.0 14 1 1 15 1 1 0 520 253 1270.0 
16 12 30 16 12 31 23 528 101 2595.0 14 1 1 15 1 1 0 528 101 595.0 
16 12 30 16 12 31 23 528 107 4746.0 14 1 1 15 1 1 0 528 107 824.0 
16 12 30 16 12 31 23 528 108 9090.0 14 1 1 15 1 1 0 528 108 1405.0 
16 12 30 16 12 31 23 528 253 4688.0 14 1 1 15 1 1 0 528 253 1110.0 
16 12 30 16 12 31 23 540 253 10609.0 14 1 1 15 1 1 0 540 253 1165.0 
16 12 30 16 12 31 23 541 108 6911.0 14 1 1 15 1 1 0 541 108 767.0 
16 12 30 16 12 31 23 542 101 6390.0 14 1 1 15 1 1 0 542 101 1271.0 
16 12 30 16 12 31 23 542 108 6903.0 14 1 1 15 1 1 0 542 108 775.0 
16 12 30 16 12 31 23 543 555 3813.0 14 1 1 15 1 1 0 543 555 560.0 
16 12 30 16 12 31 23 549 553 2620.0 14 1 1 15 1 1 0 549 553 710.0 
16 12 30 16 12 31 23 552 553 958.0 14 1 1 15 1 1 0 552 553 138.0 
16 12 30 16 12 31 23 553 508 5039.0 14 1 1 15 1 1 0 553 508 932.0 
16 12 30 16 12 31 23 553 551 1779.0 14 1 1 15 1 1 0 553 551 222.0 
16 12 30 16 12 31 23 553 552 863.0 14 1 1 15 1 1 0 553 552 162.0 
16 12 30 16 12 31 23 560 190 13589.0 14 1 1 15 1 1 0 560 190 1789.0 
16 12 30 16 12 31 23 567 167 3309.0 14 1 1 15 1 1 0 567 167 724.0 
16 12 30 16 12 31 23 573 152 13044.0 14 1 1 15 1 1 0 573 152 1954.0 
16 12 30 16 12 31 23 583 584 4334.0 14 1 1 15 1 1 0 583 584 995.0 
16 12 30 16 12 31 23 589 556 19063.0 14 1 1 15 1 1 0 589 556 2489.0 
16 12 30 16 12 31 23 589 587 5348.0 14 1 1 15 1 1 0 589 587 670.0 
16 12 30 16 12 31 23 597 517 4360.0 14 1 1 15 1 1 0 597 517 601.0 
16 12 30 16 12 31 23 602 101 9090.0 14 1 1 15 1 1 0 602 101 2469.0 
16 12 30 16 12 31 23 602 108 2424.0 14 1 1 15 1 1 0 602 108 363.0 
16 12 30 16 12 31 23 602 253 12647.0 14 1 1 15 1 1 0 602 253 2842.0 
16 12 30 16 12 31 23 608 167 12897.0 14 1 1 15 1 1 0 608 167 3651.0 
16 12 30 16 12 31 23 608 556 19707.0 14 1 1 15 1 1 0 608 556 4329.0 
16 12 30 16 12 31 23 609 101 8221.0 14 1 1 15 1 1 0 609 101 2550.0 
16 12 30 16 12 31 23 609 103 7995.0 14 1 1 15 1 1 0 609 103 1932.0 
16 12 30 16 12 31 23 609 107 5298.0 14 1 1 15 1 1 0 609 107 912.0 
16 12 30 16 12 31 23 609 108 2507.0 14 1 1 15 1 1 0 609 108 315.0 
16 12 30 16 12 31 23 609 212 13035.0 14 1 1 15 1 1 0 609 212 2367.0 
16 12 30 16 12 31 23 609 229 4054.0 14 1 1 15 1 1 0 609 229 553.0 
16 12 30 16 12 31 23 609 253 12556.0 14 1 1 15 1 1 0 609 253 2794.0 
16 12 30 16 12 31 23 609 528 7306.0 14 1 1 15 1 1 0 609 528 1825.0 
16 12 30 16 12 31 23 609 542 6835.0 14 1 1 15 1 1 0 609 542 1132.0 
16 12 30 16 12 31 23 619 152 8438.0 14 1 1 15 1 1 0 619 152 1712.0 
16 12 30 16 12 31 23 619 577 5461.0 14 1 1 15 1 1 0 619 577 950.0 
16 12 30 16 12 31 23 621 629 8804.0 14 1 1 15 1 1 0 621 629 2305.0 
16 12 30 16 12 31 23 623 622 447.0 14 1 1 15 1 1 0 623 622 111.0 
16 12 30 16 12 31 23 623 629 8712.0 14 1 1 15 1 1 0 623 629 2172.0 
16 12 30 16 12 31 23 624 622 3714.0 14 1 1 15 1 1 0 624 622 671.0 
16 12 30 16 12 31 23 624 629 7426.0 14 1 1 15 1 1 0 624 629 1248.0 
16 12 30 16 12 31 23 625 622 7252.0 14 1 1 15 1 1 0 625 622 1272.0 
16 12 30 16 12 31 23 625 629 6800.0 14 1 1 15 1 1 0 625 629 992.0 
16 12 30 16 12 31 23 626 622 8554.0 14 1 1 15 1 1 0 626 622 1370.0 
16 12 30 16 12 31 23 626 623 7484.0 14 1 1 15 1 1 0 626 623 1420.0 
16 12 30 16 12 31 23 626 624 4849.0 14 1 1 15 1 1 0 626 624 780.0 
16 12 30 16 12 31 23 626 627 1193.0 14 1 1 15 1 1 0 626 627 283.0 
16 12 30 16 12 31 23 626 629 4003.0 14 1 1 15 1 1 0 626 629 798.0 
16 12 30 16 12 31 23 627 622 11270.0 14 1 1 15 1 1 0 627 622 1528.0 
16 12 30 16 12 31 23 627 629 2471.0 14 1 1 15 1 1 0 627 629 552.0 
16 12 30 16 12 31 23 628 629 866.0 14 1 1 15 1 1 0 628 629 137.0 
16 12 30 16 12 31 23 630 101 29378.0 14 1 1 15 1 1 0 630 101 8789.0 
16 12 30 16 12 31 23 630 253 43727.0 14 1 1 15 1 1 0 630 253 9108.0 
16 12 30 16 12 31 23 641 139 2604.0 14 1 1 15 1 1 0 641 139 370.0 
16 12 30 16 12 31 23 641 148 10587.0 14 1 1 15 1 1 0 641 148 1684.0 
16 12 30 16 12 31 23 651 653 3752.0 14 1 1 15 1 1 0 651 653 432.0 
16 12 30 16 12 31 23 652 653 1653.0 14 1 1 15 1 1 0 652 653 261.0 
16 12 30 16 12 31 23 981 987 14697.0 14 1 1 15 1 1 0 981 987 2445.0 
16 12 30 16 12 31 23 982 987 15939.0 14 1 1 15 1 1 0 982 987 1868.0 
16 12 30 16 12 31 23 984 987 7923.0 14 1 1 15 1 1 0 984 987 927.0 
16 12 30 16 12 31 23 986 987 2002.0 14 1 1 15 1 1 0 986 987 425.0 
